episode,episode_return,avg_return_last_10,num_steps_max
